0 19 117.971 133.967 153.962 173.958 197.952 217.947 241.941 265.935 285.93 309.924 333.918 357.913 381.907 401.902 425.896 449.89 469.885 493.879 517.874 
1 19 161.96 189.954 201.951 217.947 233.943 245.94 261.936 277.932 289.929 305.925 333.918 349.915 361.912 377.908 389.905 405.901 429.895 441.892 493.879 
2 24 109.973 125.969 145.964 161.96 177.957 193.953 205.95 221.946 237.942 253.938 265.935 281.931 297.927 329.919 341.917 357.913 373.909 385.906 401.902 425.896 437.893 457.888 477.883 493.879 
3 19 121.97 137.966 161.96 181.956 205.95 225.945 249.939 269.934 293.928 317.922 341.917 361.912 385.906 409.9 429.895 453.889 477.883 497.878 521.873 
4 17 133.967 149.963 173.958 197.952 217.947 245.94 269.934 293.928 317.922 341.917 369.91 393.904 417.898 441.892 469.885 493.879 517.874 
5 17 113.972 133.967 161.96 185.955 209.949 237.942 261.936 289.929 313.923 341.917 369.91 397.903 421.897 449.89 477.883 501.877 525.872 
6 19 145.964 161.96 185.955 205.95 225.945 249.939 269.934 289.929 313.923 333.918 357.913 377.908 401.902 421.897 441.892 465.886 485.881 505.876 525.872 
7 18 125.969 141.965 165.959 185.955 209.949 233.943 253.938 277.932 301.926 325.92 349.915 373.909 397.903 421.897 445.891 469.885 489.88 513.875 
8 16 121.97 137.966 165.959 189.954 213.948 241.941 265.935 293.928 317.922 345.916 373.909 397.903 425.896 453.889 477.883 505.876 
9 17 121.97 141.965 165.959 189.954 213.948 241.941 265.935 289.929 313.923 341.917 365.911 389.905 417.898 441.892 465.886 489.88 517.874 
10 21 153.962 169.958 189.954 209.949 225.945 245.94 265.935 285.93 301.926 321.921 341.917 361.912 377.908 397.903 417.898 433.894 453.889 469.885 489.88 505.876 521.873 
11 22 105.974 121.97 137.966 161.96 177.957 197.952 221.946 241.941 261.936 281.931 301.926 321.921 345.916 365.911 385.906 405.901 425.896 445.891 465.886 485.881 505.876 521.873 
12 20 161.96 181.956 201.951 217.947 237.942 257.937 277.932 297.927 317.922 337.917 353.914 373.909 393.904 413.899 433.894 453.889 473.884 489.88 509.875 525.872 
13 21 117.971 133.967 149.963 173.958 193.953 213.948 233.943 253.938 277.932 297.927 317.922 341.917 361.912 381.907 401.902 425.896 445.891 465.886 485.881 505.876 525.872 
14 15 161.96 189.954 213.948 237.942 261.936 289.929 313.923 341.917 365.911 393.904 421.897 445.891 473.884 497.878 525.872 
15 25 105.974 121.97 133.967 153.962 169.958 189.954 209.949 225.945 245.94 265.935 281.931 301.926 321.921 341.917 357.913 377.908 397.903 413.899 433.894 449.89 465.886 481.882 497.878 513.875 525.872 
16 22 109.973 129.968 141.965 165.959 181.956 201.951 221.946 245.94 265.935 285.93 305.925 325.92 349.915 369.91 389.905 409.9 429.895 449.89 469.885 489.88 509.875 525.872 
17 21 129.968 153.962 169.958 189.954 209.949 229.944 249.939 269.934 289.929 309.924 329.919 349.915 373.909 393.904 413.899 433.894 449.89 469.885 489.88 505.876 525.872 
18 20 113.972 161.96 177.957 189.954 201.951 229.944 245.94 257.937 273.933 297.927 313.923 341.917 353.914 365.911 377.908 389.905 401.902 417.898 449.89 501.877 
19 26 109.973 121.97 137.966 157.961 173.958 189.954 205.95 225.945 241.941 261.936 277.932 293.928 313.923 329.919 349.915 365.911 381.907 397.903 417.898 433.894 445.891 461.887 473.884 497.878 505.876 521.873 
20 20 117.971 137.966 149.963 173.958 193.953 213.948 237.942 257.937 277.932 301.926 321.921 345.916 365.911 385.906 409.9 429.895 449.89 473.884 493.879 513.875 
21 21 113.972 129.968 141.965 165.959 185.955 205.95 225.945 245.94 265.935 289.929 309.924 329.919 349.915 373.909 393.904 413.899 433.894 453.889 473.884 493.879 513.875 
22 18 129.968 149.963 165.959 193.953 213.948 237.942 261.936 285.93 309.924 333.918 357.913 381.907 405.901 429.895 453.889 477.883 505.876 525.872 
23 19 109.973 125.969 145.964 169.958 189.954 213.948 237.942 261.936 285.93 305.925 329.919 353.914 377.908 401.902 425.896 449.89 473.884 497.878 517.874 
24 19 105.974 129.968 173.958 189.954 217.947 229.944 241.941 257.937 269.934 285.93 313.923 325.92 353.914 377.908 389.905 401.902 413.899 465.886 509.875 
25 17 109.973 129.968 153.962 165.959 177.957 189.954 213.948 229.944 241.941 253.938 277.932 289.929 317.922 341.917 361.912 421.897 461.887 
26 21 109.973 129.968 149.963 173.958 189.954 201.951 213.948 229.944 241.941 257.937 269.934 285.93 309.924 325.92 349.915 365.911 377.908 389.905 429.895 465.886 509.875 
27 20 125.969 149.963 165.959 181.956 193.953 209.949 221.946 237.942 253.938 265.935 281.931 309.924 325.92 353.914 365.911 377.908 405.901 449.89 469.885 517.874 
28 25 117.971 137.966 157.961 177.957 193.953 209.949 225.945 241.941 257.937 277.932 293.928 309.924 325.92 341.917 361.912 377.908 393.904 409.9 425.896 441.892 453.889 469.885 481.882 501.877 525.872 
29 23 125.969 145.964 165.959 181.956 197.952 217.947 233.943 253.938 269.934 289.929 309.924 325.92 345.916 361.912 381.907 397.903 417.898 433.894 449.89 465.886 481.882 497.878 517.874 
30 22 113.972 129.968 141.965 165.959 185.955 201.951 221.946 241.941 265.935 285.93 305.925 325.92 345.916 365.911 385.906 405.901 425.896 445.891 465.886 485.881 505.876 521.873 
31 23 113.972 125.969 145.964 165.959 181.956 201.951 221.946 241.941 257.937 277.932 297.927 317.922 337.917 353.914 373.909 393.904 413.899 429.895 449.89 465.886 485.881 501.877 513.875 
32 15 117.971 145.964 169.958 197.952 221.946 249.939 277.932 305.925 333.918 361.912 389.905 417.898 445.891 473.884 501.877 
33 24 105.974 121.97 137.966 153.962 173.958 189.954 205.95 221.946 241.941 257.937 277.932 293.928 309.924 345.916 361.912 377.908 397.903 413.899 429.895 441.892 457.888 469.885 481.882 509.875 
34 17 109.973 133.967 157.961 181.956 209.949 233.943 257.937 285.93 309.924 337.917 361.912 389.905 417.898 441.892 469.885 493.879 521.873 
35 17 117.971 141.965 165.959 189.954 213.948 237.942 265.935 289.929 313.923 337.917 365.911 389.905 417.898 441.892 465.886 493.879 517.874 
36 16 113.972 137.966 161.96 189.954 213.948 241.941 269.934 293.928 321.921 349.915 377.908 405.901 429.895 457.888 485.881 513.875 
37 23 109.973 129.968 145.964 165.959 181.956 201.951 221.946 241.941 261.936 277.932 297.927 317.922 337.917 357.913 377.908 397.903 417.898 433.894 453.889 473.884 489.88 505.876 525.872 
38 18 109.973 133.967 157.961 181.956 205.95 229.944 253.938 277.932 301.926 325.92 353.914 377.908 401.902 425.896 453.889 477.883 501.877 525.872 
39 17 121.97 145.964 165.959 189.954 213.948 237.942 261.936 285.93 309.924 337.917 361.912 385.906 409.9 433.894 457.888 485.881 509.875 
40 23 109.973 129.968 149.963 165.959 185.955 205.95 225.945 245.94 265.935 285.93 305.925 325.92 345.916 365.911 385.906 401.902 421.897 441.892 461.887 477.883 497.878 513.875 525.872 
41 22 113.972 129.968 149.963 169.958 185.955 205.95 221.946 241.941 257.937 277.932 293.928 313.923 333.918 349.915 369.91 385.906 401.902 417.898 433.894 449.89 465.886 513.875 
42 20 109.973 129.968 153.962 173.958 193.953 217.947 237.942 261.936 281.931 305.925 325.92 349.915 369.91 393.904 413.899 437.893 457.888 481.882 501.877 521.873 
43 20 109.973 129.968 149.963 169.958 189.954 213.948 233.943 253.938 277.932 297.927 321.921 341.917 365.911 385.906 405.901 429.895 449.89 469.885 493.879 513.875 
44 20 109.973 129.968 149.963 169.958 193.953 213.948 237.942 257.937 281.931 301.926 325.92 345.916 369.91 389.905 413.899 437.893 457.888 481.882 501.877 521.873 
45 21 113.972 133.967 153.962 177.957 197.952 217.947 237.942 261.936 281.931 301.926 321.921 345.916 365.911 385.906 409.9 429.895 449.89 469.885 489.88 509.875 525.872 
46 17 129.968 145.964 173.958 189.954 205.95 217.947 233.943 249.939 277.932 293.928 321.921 349.915 361.912 373.909 385.906 437.893 489.88 
47 21 113.972 133.967 153.962 173.958 193.953 213.948 237.942 257.937 277.932 297.927 317.922 341.917 361.912 381.907 401.902 421.897 441.892 461.887 481.882 501.877 521.873 
48 17 109.973 133.967 157.961 181.956 205.95 233.943 257.937 285.93 309.924 337.917 361.912 389.905 413.899 441.892 465.886 493.879 517.874 
49 16 117.971 141.965 165.959 193.953 217.947 241.941 269.934 293.928 321.921 345.916 373.909 397.903 425.896 449.89 477.883 505.876 
50 16 117.971 141.965 165.959 189.954 217.947 241.941 269.934 293.928 321.921 345.916 373.909 397.903 425.896 449.89 477.883 505.876 
51 18 109.973 129.968 153.962 177.957 201.951 225.945 253.938 277.932 301.926 325.92 353.914 377.908 401.902 425.896 453.889 477.883 501.877 525.872 
52 17 125.969 149.963 169.958 197.952 221.946 245.94 269.934 293.928 317.922 345.916 369.91 393.904 417.898 445.891 469.885 493.879 517.874 
53 17 113.972 141.965 165.959 189.954 213.948 237.942 265.935 289.929 317.922 341.917 365.911 393.904 417.898 445.891 469.885 497.878 521.873 
54 17 125.969 145.964 169.958 193.953 217.947 245.94 269.934 293.928 317.922 345.916 369.91 393.904 421.897 445.891 469.885 497.878 521.873 
55 18 105.974 125.969 149.963 173.958 197.952 221.946 245.94 273.933 297.927 321.921 345.916 373.909 397.903 421.897 445.891 473.884 497.878 521.873 
