6 0  20 1418 2614 3806 5006 6202 7398 8410 9158 9842 10522 11190 11858 12534 13202 13874 14550 15226 15766 15874 15926 
6 1  19 1338 2446 3550 4658 5766 6874 7962 8762 9430 10066 10694 11322 11946 12578 13206 13834 14466 15114 15802 
6 2  19 1386 2526 3666 4802 5946 7090 8162 8934 9606 10250 10886 11530 12166 12806 13446 14086 14730 15378 15942 
6 3  20 1414 2546 3682 4810 5950 7086 8158 8922 9586 10222 10854 11490 12126 12762 13394 14030 14674 15342 15902 15998 
6 4  17 1502 2726 3954 5182 6414 7642 8622 9378 10098 10802 11506 12214 12914 13626 14334 15038 15746 
6 5  20 1398 2562 3722 4886 6054 7218 8254 8998 9666 10322 10966 11622 12266 12914 13570 14222 14870 15566 15918 15998 
6 6  17 1474 2690 3918 5142 6370 7598 8562 9318 10030 10730 11434 12138 12838 13542 14250 14954 15662 
6 7  18 1446 2642 3830 5030 6230 7434 8438 9182 9874 10562 11238 11914 12602 13282 13962 14654 15338 15934 
6 8  18 1410 2574 3738 4906 6078 7250 8286 9042 9730 10414 11090 11770 12446 13126 13802 14490 15174 15854 
6 9  17 1442 2658 3870 5086 6310 7538 8514 9262 9970 10674 11374 12070 12774 13474 14178 14882 15590 
6 10  17 1466 2682 3906 5126 6354 7590 8554 9306 10022 10726 11434 12142 12846 13562 14270 14982 15698 
6 11  18 1342 2458 3574 4686 5810 6950 8030 8810 9494 10146 10798 11454 12110 12766 13426 14082 14746 15434 
6 12  18 1418 2570 3718 4862 6026 7194 8250 9018 9714 10398 11078 11758 12438 13122 13802 14494 15182 15858 
6 13  20 1326 2414 3498 4582 5674 6786 7878 8678 9342 9982 10618 11250 11882 12522 13158 13794 14438 15074 15514 15602 
6 14  18 1446 2610 3766 4926 6102 7294 8326 9090 9790 10486 11174 11858 12554 13246 13938 14638 15334 15954 
6 15  18 1410 2570 3730 4890 6066 7262 8298 9062 9754 10442 11122 11802 12490 13174 13858 14550 15242 15886 
6 16  20 1654 2822 3998 5170 6342 7514 8506 9238 9906 10570 11222 11870 12526 13178 13830 14490 15146 15754 15918 15974 
6 17  20 1634 2766 3910 5050 6190 7326 8350 9090 9750 10394 11034 11674 12310 12946 13590 14226 14866 15490 15698 15758 
6 18  19 1566 2678 3786 4902 6018 7130 8198 8966 9622 10250 10870 11494 12114 12738 13358 13978 14610 15242 15886 
6 19  18 1634 2810 3994 5174 6358 7538 8538 9278 9958 10638 11302 11970 12646 13310 13982 14658 15330 15954 
6 20  18 1682 2898 4110 5322 6542 7754 8694 9430 10130 10818 11510 12198 12886 13578 14266 14958 15646 15950 
6 21  20 1566 2658 3750 4846 5950 7050 8106 8870 9534 10166 10794 11426 12054 12686 13318 13946 14586 15250 15878 15998 
6 22  17 1654 2826 4006 5182 6358 7542 8578 9334 10022 10698 11374 12046 12718 13390 14062 14742 15422 
6 23  18 1630 2770 3918 5062 6214 7362 8378 9122 9798 10470 11134 11798 12466 13130 13794 14466 15138 15790 
6 24  19 1582 2658 3730 4806 5890 6978 8034 8798 9454 10082 10702 11326 11946 12578 13198 13826 14454 15090 15806 
6 25  19 1674 2838 4002 5170 6338 7514 8490 9222 9902 10578 11246 11918 12594 13266 13938 14618 15294 15854 15966 
6 26  18 1670 2854 4034 5218 6410 7606 8570 9306 10002 10690 11374 12058 12746 13430 14122 14810 15506 15998 
6 27  17 1698 2914 4130 5342 6566 7786 8714 9454 10166 10870 11578 12278 12982 13690 14402 15110 15798 
6 28  17 1642 2810 3982 5150 6326 7518 8518 9262 9950 10638 11318 11994 12682 13362 14046 14734 15426 
6 29  19 1658 2854 4046 5234 6438 7654 8606 9346 10046 10738 11430 12122 12814 13506 14206 14898 15594 15918 15998 
6 30  18 1634 2774 3926 5070 6226 7406 8418 9162 9842 10518 11186 11854 12530 13202 13874 14554 15230 15898 
6 31  18 1650 2834 4018 5198 6394 7610 8546 9282 9978 10674 11362 12054 12750 13442 14138 14834 15530 15814 
7 0  19 1462 2646 3830 5018 6206 7390 8442 9190 9858 10514 11158 11798 12446 13090 13734 14382 15026 15662 15994 
7 1  18 1518 2734 3958 5178 6406 7626 8634 9382 10070 10742 11414 12086 12758 13426 14098 14770 15434 15954 
7 2  19 1414 2570 3726 4886 6046 7206 8278 9042 9698 10338 10970 11606 12234 12862 13498 14134 14766 15418 15934 
7 3  17 1510 2742 3986 5230 6474 7714 8694 9442 10138 10826 11518 12198 12882 13570 14258 14942 15622 
7 4  19 1394 2558 3726 4894 6066 7234 8290 9046 9710 10362 11002 11650 12290 12930 13578 14222 14866 15514 15974 
7 5  18 1486 2682 3886 5086 6294 7498 8526 9274 9954 10630 11294 11954 12626 13290 13958 14630 15294 15906 
7 6  18 1458 2682 3906 5134 6362 7594 8578 9318 10014 10694 11370 12046 12726 13402 14078 14762 15434 15962 
7 7  18 1386 2546 3710 4870 6038 7206 8282 9050 9722 10382 11034 11686 12338 12986 13646 14298 14950 15610 
7 8  18 1454 2606 3754 4910 6066 7230 8314 9090 9762 10422 11074 11726 12378 13030 13686 14342 14994 15642 
7 9  17 1510 2734 3966 5198 6434 7674 8658 9410 10114 10806 11502 12194 12886 13586 14282 14978 15662 
7 10  18 1398 2546 3694 4838 5994 7158 8234 9002 9670 10326 10974 11626 12270 12918 13574 14226 14878 15546 
7 11  18 1482 2678 3874 5074 6278 7498 8502 9246 9934 10618 11290 11962 12642 13318 13994 14682 15354 15946 
7 12  18 1402 2558 3718 4870 6038 7218 8282 9046 9722 10390 11050 11710 12370 13030 13694 14362 15026 15694 
7 13  18 1450 2638 3826 5014 6218 7434 8438 9190 9878 10562 11234 11910 12590 13266 13946 14630 15302 15870 
7 14  18 1442 2622 3794 4974 6166 7374 8402 9162 9850 10534 11206 11882 12566 13242 13918 14606 15286 15914 
7 15  18 1454 2654 3854 5050 6270 7510 8486 9234 9934 10634 11322 12010 12710 13402 14098 14794 15486 15990 
7 16  18 1502 2750 4002 5254 6514 7766 8710 9450 10150 10838 11530 12210 12894 13582 14266 14954 15614 15938 
7 17  19 1406 2594 3774 4966 6162 7354 8386 9138 9814 10478 11138 11790 12450 13106 13766 14426 15086 15742 15998 
7 18  18 1402 2582 3758 4938 6126 7314 8358 9114 9794 10462 11122 11782 12438 13098 13758 14422 15078 15718 
7 19  20 1362 2514 3662 4810 5970 7130 8194 8950 9626 10274 10918 11566 12206 12850 13498 14146 14790 15430 15874 15982 
7 20  19 1386 2586 3782 4986 6194 7402 8422 9174 9862 10542 11210 11878 12554 13222 13894 14570 15238 15798 15946 
7 21  18 1414 2622 3822 5030 6246 7466 8478 9226 9922 10610 11290 11966 12654 13334 14014 14702 15378 15942 
7 22  20 1386 2534 3682 4822 5982 7142 8214 8978 9654 10306 10950 11602 12246 12894 13546 14194 14842 15486 15858 15950 
7 23  17 1434 2638 3838 5046 6262 7482 8482 9234 9934 10634 11322 12014 12710 13402 14098 14790 15482 
7 24  19 1362 2498 3630 4762 5910 7062 8134 8894 9566 10214 10854 11498 12138 12786 13426 14070 14718 15366 15962 
7 25  20 1346 2510 3670 4826 6002 7182 8222 8974 9654 10314 10974 11638 12294 12954 13626 14286 14950 15586 15862 15946 
7 26  20 1398 2590 3782 4982 6186 7402 8394 9138 9826 10510 11182 11854 12534 13210 13890 14570 15242 15770 15898 15962 
7 27  20 1374 2538 3702 4858 6038 7218 8246 8994 9670 10334 10994 11654 12314 12970 13638 14302 14962 15590 15846 15926 
7 28  18 1442 2626 3802 4990 6186 7390 8398 9146 9830 10510 11178 11850 12522 13198 13870 14550 15222 15834 
7 29  19 1414 2606 3794 4986 6194 7406 8398 9146 9838 10526 11206 11882 12570 13254 13938 14626 15306 15862 15998 
7 30  19 1390 2526 3658 4790 5946 7106 8162 8918 9594 10246 10894 11546 12194 12846 13502 14158 14810 15462 15938 
7 31  19 1386 2550 3714 4874 6058 7250 8286 9038 9718 10390 11050 11714 12374 13030 13702 14370 15038 15674 15998 
